		RhCBA15	RhCBA23	RhCBA28	RhCBA14	RUB126	RUB262	RhCBA6	RUB26
		-9	-9	-9	-9	-9	-9	-9	-9
WIN1B	1	197	98	152	170	136	208	151	99
WIN1B	1	208	106	174	180	166	208	164	99
WIN1B	1	211	98	182	187	184	208	174	99
WIN1B	1	212	98	193	170	203	208	151	99
WIN1B	1	-9	-9	-9	-9	-9	-9	-9	-9
WIN1B	1	-9	-9	-9	-9	-9	-9	-9	-9
WIN1B	1	-9	-9	-9	-9	-9	-9	-9	-9
WIN1B	1	-9	-9	-9	-9	-9	-9	-9	-9
MCD1	2	208	100	138	160	127	202	151	124
MCD1	2	208	102	153	168	138	207	151	134
MCD1	2	208	106	157	180	162	211	151	137
MCD1	2	208	110	159	187	127	215	151	124
MCD1	2	208	114	168	160	127	224	151	124
MCD1	2	208	124	193	160	127	228	151	124
MCD1	2	-9	-9	-9	-9	-9	-9	-9	-9
MCD1	2	-9	-9	-9	-9	-9	-9	-9	-9
MCD2	2	208	98	138	160	136	202	150	120
MCD2	2	208	102	144	174	145	214	150	132
MCD2	2	208	105	148	178	136	217	150	135
MCD2	2	208	114	151	184	136	227	150	120
MCD2	2	208	98	155	160	136	202	150	120
MCD2	2	208	98	157	160	136	202	150	120
MCD2	2	208	98	163	160	136	202	150	120
MCD2	2	208	98	138	160	136	202	150	120
MCD3	2	197	100	172	170	159	213	174	134
MCD3	2	197	106	174	178	193	213	176	132
MCD3	2	-9	-9	-9	-9	-9	-9	-9	-9
MCD3	2	-9	-9	-9	-9	-9	-9	-9	-9
MCD3	2	-9	-9	-9	-9	-9	-9	-9	-9
MCD3	2	-9	-9	-9	-9	-9	-9	-9	-9
MCD3	2	-9	-9	-9	-9	-9	-9	-9	-9
MCD3	2	-9	-9	-9	-9	-9	-9	-9	-9
